sample_id	WGS	mutation	cnv	RNA_Seq	fusion	WCP	Phospho	snRNA_Seq	Methylation	age	Flag	Remove
7316-1052	1	1	1	1	1	1	1	0	1	1	0	0
7316-1099	1	1	1	1	1	1	1	0	1	1	0	0
7316-1106	1	1	1	1	1	0	0	0	1	1	0	1
7316-114	1	1	1	1	1	1	1	0	1	1	0	0
7316-1455	1	1	1	1	1	1	1	0	1	1	0	0
7316-1464	0	0	0	0	0	0	0	1	0	1	0	0
7316-161	1	1	1	1	1	1	1	0	1	1	0	0
7316-1723	1	1	1	1	1	1	1	0	1	1	1	0
7316-1746	1	1	1	1	1	1	1	0	1	1	1	0
7316-1763	1	1	1	1	1	1	1	0	1	1	0	0
7316-1769	1	1	1	1	1	1	1	0	1	1	0	0
7316-1774	1	1	1	1	1	1	1	0	1	1	0	0
7316-1844	1	1	1	1	1	1	1	0	1	1	0	0
7316-1889	1	1	1	1	1	1	1	0	1	1	0	0
7316-194	1	1	1	0	0	1	1	0	1	1	1	0
7316-1946	1	1	1	1	1	1	1	0	1	1	0	0
7316-195	1	1	1	1	1	1	1	0	1	1	0	0
7316-1956	1	1	1	1	1	1	1	0	1	1	0	0
7316-204	1	1	1	1	1	1	1	0	1	1	0	0
7316-2069	1	1	1	1	1	1	1	1	1	1	0	0
7316-2092	1	1	1	1	1	1	1	1	1	1	0	0
7316-212	0	0	0	0	0	1	1	0	0	1	0	0
7316-2140	1	1	1	1	1	1	1	0	1	1	0	0
7316-2146	1	1	1	1	1	1	1	1	1	1	0	0
7316-2151	1	1	1	1	1	1	1	0	1	1	1	0
7316-2152	1	1	1	1	1	1	1	0	1	1	0	0
7316-2176	1	1	1	1	1	1	1	0	1	1	0	0
7316-2241	1	1	1	1	1	1	1	0	1	1	0	0
7316-2274	1	1	1	1	1	1	1	0	1	1	0	0
7316-231	1	1	1	1	1	1	1	0	1	1	0	0
7316-24	0	0	0	0	0	1	1	0	1	1	0	0
7316-2536	1	1	1	1	1	1	1	0	1	1	0	0
7316-255	1	1	1	1	1	1	1	0	1	1	0	0
7316-2594	1	1	1	1	1	1	1	0	0	1	0	0
7316-2599	1	1	1	1	1	1	1	0	1	1	0	0
7316-2660	1	1	1	1	1	1	1	0	1	1	0	0
7316-2737	1	1	1	1	1	1	1	1	1	1	0	0
7316-2751	0	0	0	0	0	0	0	1	0	1	0	1
7316-2777	1	1	1	1	1	1	1	0	1	1	0	0
7316-2810	1	1	1	1	1	1	1	0	1	1	0	0
7316-2857	1	1	1	1	1	1	1	0	1	1	1	0
7316-287	1	1	1	1	1	1	1	0	1	1	0	0
7316-288	1	1	1	1	1	1	1	0	1	1	0	0
7316-3000	1	1	1	1	1	0	0	0	1	1	0	1
7316-3058	1	1	1	1	1	1	1	1	1	1	0	0
7316-3075	1	1	1	1	1	1	1	0	1	1	0	0
7316-3158	0	0	0	0	0	0	0	1	0	1	0	0
7316-3303	1	1	1	1	1	1	1	0	1	1	0	0
7316-3521	1	1	1	1	1	1	1	0	1	1	0	0
7316-3625	1	1	1	1	1	0	0	0	1	1	0	0
7316-3636	1	1	1	0	0	1	1	0	1	1	0	0
7316-37	1	1	1	1	1	1	1	0	1	1	0	0
7316-371	1	1	1	1	1	1	1	1	0	1	0	0
7316-3765	1	1	1	1	1	1	1	0	1	1	0	0
7316-3769	1	1	1	1	1	1	1	0	1	1	0	0
7316-3771	1	1	1	1	1	1	1	0	1	1	0	0
7316-388	1	1	1	1	1	1	1	0	1	1	0	0
7316-3935	1	1	1	1	1	1	1	0	1	1	0	0
7316-409	1	1	1	1	1	1	1	0	1	1	0	0
7316-4215	1	1	1	1	1	1	1	0	1	1	0	0
7316-4293	1	1	1	1	1	1	1	0	1	1	0	0
7316-4337	1	1	1	1	1	1	1	0	1	1	0	0
7316-4432	1	1	1	1	1	1	1	0	1	1	0	0
7316-445	1	1	1	1	1	1	1	0	0	1	0	0
7316-4466	1	1	1	1	1	1	1	0	1	1	0	0
7316-4516	1	1	1	1	1	1	1	0	1	1	0	0
7316-4552	1	1	1	1	1	1	1	0	1	1	0	0
7316-466	1	1	1	1	1	1	1	0	1	1	0	0
7316-4723	1	1	1	1	1	1	1	0	1	1	0	0
7316-4842	1	1	1	1	1	1	1	1	1	1	0	0
7316-4844	1	1	1	1	1	1	1	1	1	1	1	0
7316-4917	1	1	1	0	0	1	1	0	1	1	0	0
7316-4942	1	1	1	1	1	1	1	0	1	1	0	0
7316-4993	1	1	1	1	1	1	1	0	1	1	0	0
7316-5087	1	1	1	1	1	1	1	0	1	1	0	0
7316-5267	1	1	1	1	1	1	1	0	1	1	0	0
7316-5928	1	1	1	1	1	1	1	0	1	1	0	0
7316-619	1	1	1	1	1	1	1	0	1	1	0	0
7316-620	1	1	1	1	1	1	1	0	1	1	0	0
7316-622	1	1	1	1	1	1	1	0	1	1	0	0
7316-624	1	1	1	1	1	1	1	0	1	1	0	0
7316-6310	1	1	1	1	1	1	1	0	1	1	0	0
7316-85	1	1	1	1	1	1	1	0	1	1	0	0
7316-870	1	1	1	1	1	1	1	0	1	1	0	0
7316-89	1	1	1	1	1	1	1	0	1	1	0	0
7316-895	1	1	1	1	1	1	1	1	0	1	0	0
7316-913	1	1	1	1	1	1	1	0	1	1	0	0
7316-942	0	0	0	0	0	1	1	0	1	1	0	0
7316UP-1104	1	1	1	1	1	1	1	0	0	1	0	0
7316UP-1962	1	1	1	1	1	1	1	0	0	1	0	0
7316UP-2035	1	1	1	1	1	1	1	0	0	1	0	0
7316UP-2058	1	1	1	1	1	1	1	1	0	1	0	0
7316UP-2333	1	1	1	1	1	1	1	1	0	1	0	0
7316UP-2403	1	1	1	1	1	1	1	1	0	1	0	0
7316UP-310	1	1	1	1	1	1	1	0	0	1	0	0
7316UP-759	1	1	1	1	1	1	1	0	0	0	0	0
7316UP-904	0	0	0	0	0	1	1	0	0	1	0	0
Sum	90	90	90	87	87	91	91	15	80	96	6	3